-329
113
error
error
-142
-516
-341
-93
519
944
710
-272
235
-785
-369
773
640
416
-719
831
595
418
524
error
error
error
error
error
error
254
-871
529
-285
error
512
45
608
-589
-517
192
-160
-383
-313
-651
398
error
error
error
error
error
742
-408
-883
546
-562
-576
-186
350
-449
875
-279
724
-518
151
860
-264
-472
242
-525
689
359
-172
526
-781
240
-583
725
681
-380
879
-646
763
-48
error
error
-277
974
-974
306
649
-148
509
660
-565
826
-625
-493
463
99
728
-771
-843
-726
917
525
-683
-805
947
-789
-73
524
-47
72
-886
112
762
175
94
-851
315
-878
123
156
385
-480
-763
-843
-839
62
-66
-306
-353
131
559
157
-308
394
212
276
-919
592
-706
810
-818
982
-417
964
-312
-767
539
23
-539
-65
-30
-502
-478
-113
-382
-570
-955
589
958
780
661
-693
118
318
-841
-167
-373
-976
error
-561
479
-170
8
-532
348
892
176
-83
-685
865
-58
617
-546
475
-661
124
315
error
error
error
error
error
480
93
892
-58
967
error
error
error
-673
-684
106
-501
-681
-318
80
673
591
658
252
784
-45
-600
error
732
-247
-12
763
912
-889
-313
641
-525
-21
-898
-482
651
495
error
-351
19
-938
110
-268
440
-941
82
-59
811
-675
-445
922
985
9
747
-387
29
631
-541
-86
261
-236
-226
-665
-304
-933
-495
203
-324
215
-71
850
501
134
498
-340
-796
-140
310
-645
736
642
-825
438
397
196
-443
-217
-329
568
626
881
433
-843
406
171
729
-62
610
9
114
369
-684
-574
382
-673
758
-14
-283
-134
-923
583
401
-715
745
415
-633
-734
151
106
394
752
735
922
911
49
-400
-369
887
420
-223
375
-439
698
304
281
-760
943
301
548
-584
446
335
522
477
-570
125
541
-683
764
-869
73
-839
90
-614
-974
464
-221
-12
738
error
error
error
907
948
-6
-322
-981
-462
387
569
788
-946
-992
-844
401
-152
-137
402
247
110
838
-639
860
986
485
-484
960
230
633
733
40
-539
352
763
325
-319
21
903
-713
-709
-157
-894
459
-232
-879
622
error
-117
191
error
error
179
-787
218
52
-880
162
-817
412
154
164
279
error
63
error
-856
16
679
-514
-923
415
638
-454
-75
480
464
299
-699
797
273
-915
-218
367
368
-168
-718
231
-655
-671
383
837
-222
-136
640
98
275
-78
-892
-57
495
208
-17
741
580
-753
-492
823
414
476
184
-459
446
error
572
-104
-211
-554
-620
971
-157
-690
-670
776
817
684
-882
913
724
453
-469
-497
-62
-756
334
-955
839
572
808
-270
374
-209
-519
-4
-991
139
992
762
-121
785
735
354
-653
755
181
623
-945
-445
86
-891
-386
722
253
-156
135
error
error
error
error
562
-866
error
error
-12
-813
891
-212
-161
510
-350
-731
728
-792
-669
902
-265
-406
-331
-362
-479
14
311
-655
350
544
351
346
-663
584
-518
-716
-410
534
-86
923
625
-982
-561
667
722
592
748
-92
-860
-295
-274
912
696
914
-297
799
-794
895
804
771
453
-296
-909
-131
-703
-828
-578
-796
-468
error
error
error
error
error
-147
error
-55
-167
163
-479
error
67
-190
90
-535
-634
276
error
error
error
225
-961
881
250
183
493
-929
27
750
857
-999
369
170
12
-208
826
134
-116
398
-869
-119
-775
533
442
351
-794
-475
-999
-343
-111
371
-836
758
-545
236
-235
484
326
882
836
-380
871
115
-460
453
104
752
-500
-530
584
-760
-648
-867
-333
962
290
700
-196
-343
-703
-196
307
329
-718
-744
543
-581
444
556
-341
730
-1000
-706
412
-80
-714
552
-948
-448
-51
484
47
420
-664
-839
753
188
469
-491
-662
-469
-941
-380
-248
-886
769
189
-144
503
493
-832
273
-555
-592
-641
549
-819
745
950
-341
625
257
-539
-920
820
963
-430
148
556
584
69
-347
678
1000
-774
-663
108
864
594
197
-407
520
172
-422
-494
-302
-659
-529
-233
700
549
487
-603
-276
793
-285
172
68
653
994
-16
805
-907
289
832
-473
435
-61
-227
680
564
-186
683
556
error
error
error
709
error
785
-242
-688
346
-400
-131
-87
-952
278
-237
-568
207
-581
507
218
75
error
-95
-790
-70
688
74
-563
904
158
-841
-843
726
188
317
-793
error
error
611
-475
-644
376
-943
-591
859
-668
-559
-999
-187
-914
46
672
-443
-915
-986
736
701
-668
-511
-641
150
266
678
-728
-320
-368
559
-801
-708
307
777
109
362
914
-958
-18
426
921
-835
-223
164
-510
524
-278
213
523
-103
-415
-88
-302
87
355
-242
-809
-656
-55
682
356
291
-704
54
-663
466
941
395
724
-313
-64
-677
447
907
-970
-532
-15
-40
862
130
808
-273
756
-183
-705
386
error
-596
179
-470
error
-778
-60
-92
-358
-182
243
-668
-146
367
-357
16
925
-394
-295
-475
741
525
129
-57
597
17
-207
272
6
828
634
-924
949
-769
239
895
-678
-57
990
-957
992
291
559
417
317
-521
-691
-977
372
804
103
-678
248
586
872
130
957
-502
394
-678
58
-521
-737
121
182
-433
737
352
-958
103
541
968
-910
-461
-69
577
925
-282
728
-871
-237
-801
-540
-349
-446
-234
-757
482
954
361
987
818
789
-675
401
937
-273
972
133
816
686
743
-975
-698
-326
-1000
325
-286
741
-76
-514
120
-705
-388
191
-27
757
-778
624
953
-111
-807
-876
-404
-588
618
-227
-594
870
-962
903
70
341
515
-581
-136
-744
-829
281
-34
-787
-293
474
-65
error
error
error
124
error
error
error
-558
736
-313
-163
-387
115
-510
614
-213
-986
-998
-937
332
16
-998
-188
227
781
943
-852
705
-895
664
-269
-801
44
159
-218
-470
541
73
538
704
312
660
208
261
332
-312
949
233
331
433
-397
-517
-868
946
202
18
959
-43
-643
-240
904
744
-818
620
-624
-868
740
-625
-408
-51
-44
-659
-471
-897
272
-860
-386
-773
-581
571
911
958
264
377
490
-143
821
-726
356
130
23
-203
-842
407
-967
-791
957
525
829
562
531
458
773
-271
261
891
583
-150
-608
-419
586
-54
817
-436
617
-326
-191
443
796
738
-567
-949
731
-52
-569
-882
-583
369
3
426
868
858
-24
-551
810
89
-972
-21
-347
-479
593
995
-280
-127
-125
310
-700
-560
729
964
-139
467
-752
-439
-222
-720
-675
197
-708
902
-692
-648
631
332
540
-817
471
-442
-758
10
error
-500
error
error
817
-386
558
529
error
-711
error
error
error
124
511
-509
-151
-275
-189
-413
45
279
-844
-358
342
167
53
-194
932
-683
-86
577
-348
-720
953
-612
-12
606
-557
258
288
-71
-705
-415
79
805
-268
-485
103
810
-145
-891
-207
-916
-428
-733
551
-67
-189
-179
774
576
734
-134
-608
959
-741
-749
-708
-103
-299
-943
178
246
-60
856
-779
-576
191
-919
777
156
-113
11
-484
-924
-787
-135
515
26
-179
-613
-164
565
-678
904
756
352
636
132
988
-149
-55
-26
478
492
986
-220
-975
244
171
592
102
-355
788
725
-14
-52
-747
-200
923
295
-709
-29
-364
-423
-651
351
521
-356
-23
-31
179
561
-59
-399
-845
-577
-965
188
-669
-141
56
293
-72
579
985
931
-409
675
894
366
-781
-141
-805
-454
-781
-245
793
-687
-358
668
-348
-523
208
336
-21
-985
-278
-662
771
-611
982
372
-941
-601
-246
-955
102
-366
-938
128
-449
-811
987
920
-759
-197
905
248
798
868
-860
-827
234
885
228
983
-100
285
279
173
-874
867
101
-720
254
-97
-790
696
118
-52
16
-748
-560
295
-319
417
-775
418
-606
-683
-189
350
-329
911
574
-346
-845
-735
-707
error
-616
-996
9
881
300
-321
-943
error
error
error
error
474
645
458
-316
113
846
-191
-342
-162
77
57
941
-725
256
554
224
-437
4
-260
-195
-661
271
546
-166
-703
-377
467
631
522
-1000
-924
-514
-341
-524
-183
-94
-445
-550
-184
-528
-913
-121
-888
-831
506
-854
-10
-906
843
840
-282
-585
821
564
456
-298
25
-600
321
765
-211
920
-924
-493
576
722
490
80
-948
-711
134
-525
-618
803
-792
-377
-88
-674
-807
725
28
-737
417
-192
131
497
-789
821
49
40
785
-213
228
-812
-897
247
712
8
746
-105
-207
-630
-529
-64
-303
87
108
989
780
240
-236
error
-500
-450
185
error
error
125
786
error
333
386
-318
889
error
490
-657
-203
error
error
error
-489
415
-223
-223
error
error
error
error
-188
error
error
error
-48
error
error
error
error
-758
error
error
error
912
error
error
-811
-449
error
818
